[variable_params]

[static_params]
approximant = TdQNMfromFinalMassSpin_Lensing 
harmonics = spheroidal
amp220 = 1
phi220 = 0
inclination = 0.9048619142870777 
polarization = 0.4144518452311779 
f_lower = 20
f_ref = 20
tc = 1240940735.0 
lmns = 221 331 
final_mass = 229.05233840421127 
final_spin = 0.7118235582382904 
distance = 17567.702009473494 
ra = 3.6421299692243356 
dec = 1.3263293469405204 
delta_f330 = 0
delta_tau330 = 0
amp330 = 0.25493825190359 
phi330 = 2.941207787734325 
delta_t = 1/4096 
ratio_m = 1 
n = 0 
mass1 = 114.52616920210563 
mass2 = 114.52616920210563 
